2.500000 858 1
2.500000 991 2
1.888889 989 3
2.555556 989 4
2.473684 1042 5
2.526316 1066 6
1.850000 1123 7
1.750000 1175 8
0.650000 1180 9
1.850000 1207 10
2.500000 1198 11
2.272727 1316 12
0.714286 1359 13
1.727273 1333 14
2.454545 1127 15
1.551724 998 16
1.379310 941 17
1.258065 872 18
1.129032 791 19
1.071429 654 20
1.095238 469 21
0.904762 344 22
1.062500 242 23
1.086957 568 46
1.000000 632 47
1.000000 646 48
0.962963 661 49
1.037037 685 50
0.964286 687 51
0.866667 728 52
0.896552 756 53
0.533333 98 54
0.966667 964 54
0.181818 1166 55
1.111111 82 55
1.000000 25 55
0.878788 825 56
0.848485 835 57
0.906250 862 58
0.906250 889 59
0.911765 954 60
0.861111 1016 61
1.100000 100 61
0.695652 1168 62
0.785714 1201 63
0.846154 1201 64
0.846154 1210 65
0.868421 1231 66
0.945946 1227 67
0.875000 1426 68
0.923077 1426 69
0.925000 1451 70
0.904762 1554 71
0.714286 35 71
0.904762 1680 72
0.904762 1750 73
0.930233 1812 74
0.886364 1913 75
0.888889 1899 76
0.909091 1940 77
0.872340 2014 78
0.854167 2067 79
0.877551 2158 80
0.877551 2209 81
0.897959 2277 82
0.849057 2419 83
0.851852 2545 84
0.870370 2617 85
0.872727 2677 86
0.962264 2448 87
1.724138 1367 88
2.238095 953 89
3.384615 506 90
1.600000 145 104
1.900000 155 106
0.266667 291 107
1.900000 182 107
0.450000 343 108
2.000000 162 108
0.480000 500 109
1.909091 188 109
0.393939 694 110
1.666667 215 110
0.428571 756 111
1.909091 199 111
0.368421 803 112
2.000000 214 112
0.410256 894 113
2.454545 246 113
0.414634 943 114
1.846154 253 114
0.395349 1044 115
2.636364 275 115
0.395349 1063 116
2.083333 267 116
0.409091 1087 117
2.416667 298 117
0.418605 1109 118
2.384615 318 118
0.422222 1176 119
1.928571 312 119
0.454545 219 119
0.422222 1188 120
2.076923 293 120
0.454545 215 120
1.500000 275 121
0.413043 1253 121
1.866667 340 121
0.454545 215 121
1.263158 427 122
0.382979 1360 122
2.428571 373 122
0.454545 226 122
1.086957 562 123
0.416667 1387 123
1.933333 373 123
1.000000 629 124
0.380000 1400 124
2.142857 376 124
1.040000 635 125
0.400000 1436 125
2.266667 414 125
1.080000 598 126
0.400000 1471 126
2.333333 427 126
1.080000 613 127
0.411765 1487 127
2.333333 447 127
1.080000 659 128
0.423077 1642 128
2.333333 470 128
0.923077 634 129
0.396226 1763 129
2.466667 494 129
0.300000 142 130
1.111111 713 130
0.415094 1895 130
2.312500 479 130
0.428571 84 131
1.000000 25 131
0.833333 762 131
0.418182 1899 131
2.235294 505 131
0.777778 54 132
0.964286 767 132
0.400000 1843 132
2.375000 538 132
0.966667 807 133
0.428571 1954 133
2.235294 521 133
1.111111 693 134
0.436364 1924 134
2.375000 552 134
0.964286 693 135
0.385965 1923 135
2.437500 550 135
0.928571 678 136
0.431034 2145 136
2.562500 591 136
0.928571 690 137
0.383333 2213 137
2.105263 577 137
0.931034 762 138
0.419355 2373 138
2.388889 641 138
0.866667 726 139
0.412698 2397 139
2.388889 648 139
0.931034 730 140
0.444444 2500 140
2.388889 663 140
0.903226 794 141
0.415385 2623 141
2.421053 730 141
0.933333 781 142
0.424242 2730 142
2.421053 750 142
0.965517 792 143
0.426471 2810 143
2.421053 778 143
0.833333 30 143
0.903226 816 144
0.408451 3044 144
2.400000 838 144
0.878788 864 145
0.424658 3194 145
2.400000 834 145
0.967742 891 146
0.418919 3300 146
2.550000 897 146
0.909091 896 147
0.440000 3356 147
2.600000 958 147
0.967742 909 148
0.447368 3311 148
2.600000 991 148
0.885714 981 149
0.462500 3502 149
2.318182 990 149
0.885714 994 150
0.500000 3504 150
1.913043 946 150
0.875000 49 150
0.942857 1074 151
0.518072 3545 151
2.090909 1192 151
0.942857 1088 152
0.536585 3485 152
1.217391 1240 152
0.916667 1108 153
0.597403 3396 153
0.565217 1250 153
0.894737 1231 154
0.892857 2777 154
1.037037 985 154
0.948718 1389 155
1.500000 1823 155
1.160000 706 155
0.950000 1515 156
3.117647 1019 156
1.333333 211 156
0.906977 1625 157
2.900000 366 157
0.911111 1839 158
0.800000 151 158
0.913043 1916 159
0.705882 159 159
0.893617 2000 160
0.877551 2105 161
0.918367 2190 162
0.918367 2278 163
0.901961 2309 164
0.884615 2353 165
0.888889 2504 166
0.888889 2587 167
0.890909 2672 168
0.862069 2821 169
0.894737 2836 170
0.868852 2882 171
0.946429 2668 172
1.080000 2487 173
1.177778 2149 174
1.606061 1574 175
2.040000 1213 176
3.071429 493 177
1.000000 25 178
4.000000 143 178
3.285714 157 194
2.555556 185 195
3.428571 169 196
3.125000 201 197
2.888889 214 198
3.250000 203 199
3.111111 253 200
0.894737 318 201
3.333333 248 201
0.720000 405 202
2.800000 256 202
0.692308 416 203
2.700000 247 203
0.666667 442 204
3.000000 279 204
0.692308 437 205
2.545455 288 205
0.642857 455 206
2.818182 329 206
0.642857 467 207
2.909091 345 207
0.620690 481 208
3.000000 354 208
0.655172 484 209
3.090909 364 209
0.620690 492 210
3.400000 371 210
0.600000 501 211
3.090909 384 211
0.620690 504 212
3.090909 381 212
0.633333 527 213
3.363636 419 213
0.580645 543 214
3.363636 430 214
0.633333 538 215
2.769231 432 215
0.645161 559 216
3.166667 453 216
0.633333 550 217
3.250000 457 217
0.645161 602 218
3.250000 493 218
0.677419 615 219
3.333333 483 219
0.687500 637 220
3.076923 537 220
0.718750 648 221
3.153846 556 221
0.750000 675 222
3.307692 585 222
0.781250 696 223
3.230769 535 223
0.764706 761 224
3.384615 594 224
0.818182 762 225
3.538462 611 225
0.800000 811 226
3.461538 668 226
0.852941 872 227
3.285714 625 227
0.828571 866 228
3.357143 659 228
1.000000 25 228
0.857143 1012 229
3.428571 687 229
0.833333 1046 230
3.200000 697 230
0.837838 1033 231
3.200000 696 231
0.842105 1152 232
2.933333 811 232
0.868421 1165 233
1.800000 838 233
0.846154 1155 234
2.812500 875 234
0.878049 1434 235
3.187500 916 235
0.857143 1481 236
3.312500 983 236
0.863636 1584 237
0.526316 1130 237
0.847826 1682 238
0.391304 1196 238
0.851064 1756 239
0.480000 1150 239
0.872340 1839 240
0.208333 1214 240
0.836735 1873 241
3.294118 987 241
0.823529 2033 242
1.000000 84 242
2.187500 723 242
1.125000 270 243
0.826923 2163 243
1.882353 665 243
0.782609 387 244
4.200000 111 244
0.818182 2358 244
0.965517 582 244
0.863636 409 245
0.807018 2371 245
1.400000 563 245
0.863636 408 246
2.875000 168 246
0.810345 2417 246
1.470588 454 246
0.869565 427 247
2.200000 195 247
0.941176 2255 247
1.666667 283 247
0.875000 488 248
2.200000 207 248
1.411765 1499 248
0.916667 492 249
2.100000 202 249
1.750000 1238 249
0.840000 537 250
2.000000 210 250
2.866667 644 250
0.920000 579 251
2.200000 210 251
0.884615 570 252
2.000000 217 252
0.960000 616 253
2.000000 211 253
0.884615 634 254
2.200000 220 254
0.888889 645 255
2.300000 217 255
0.923077 659 256
2.000000 222 256
0.764706 793 257
2.090909 240 257
2.090909 236 258
0.931034 778 258
2.181818 230 259
1.227273 739 259
1.727273 182 260
2.083333 261 260
0.875000 744 260
1.818182 187 261
2.083333 254 261
1.217391 816 261
1.818182 188 262
2.166667 261 262
0.906250 934 262
1.909091 194 263
2.000000 281 263
0.885714 1023 263
1.916667 220 264
2.166667 267 264
1.000000 1106 264
1.833333 221 265
2.076923 291 265
0.944444 1163 265
7.571429 542 266
0.942857 1233 266
2.083333 251 267
2.076923 295 267
1.000000 1264 267
1.916667 234 268
2.333333 313 268
1.058824 1440 268
1.916667 246 269
2.153846 304 269
0.973684 1436 269
2.181818 245 270
2.071429 336 270
0.974359 1634 270
1.916667 259 271
2.142857 333 271
1.000000 1648 271
1.928571 303 272
2.307692 334 272
0.823529 2000 272
1.928571 308 273
2.285714 365 273
1.023256 2088 273
2.000000 319 274
2.461538 364 274
1.073171 1977 274
2.000000 332 275
2.285714 374 275
0.978261 1835 275
2.076923 327 276
2.214286 379 276
1.131579 1523 276
2.230769 333 277
2.200000 392 277
1.451613 1177 277
1.928571 337 278
2.125000 411 278
1.363636 742 278
1.000000 34 278
2.000000 341 279
2.187500 415 279
2.875000 367 279
2.153846 356 280
2.125000 420 280
1.250000 71 280
1.000000 25 280
2.333333 160 280
0.833333 30 280
2.285714 376 281
2.117647 440 281
4.307692 513 281
2.285714 400 282
2.176471 451 282
3.733333 672 282
2.200000 407 283
2.312500 463 283
3.500000 777 283
2.200000 412 284
2.176471 464 284
2.312500 648 284
1.714286 70 284
2.125000 426 285
2.235294 486 285
2.200000 739 285
2.500000 460 286
2.375000 497 286
2.714286 723 286
2.400000 465 287
2.375000 492 287
2.181818 699 287
2.312500 523 288
2.352941 546 288
2.352941 687 288
1.285714 58 288
2.750000 171 289
3.428571 165 289
2.111111 540 289
2.411765 569 289
2.235294 718 289
3.500000 154 290
2.437500 583 290
2.470588 580 290
1.736842 542 290
1.000000 163 290
3.285714 170 291
2.352941 595 291
2.529412 615 291
4.166667 734 291
2.666667 195 292
2.105263 649 292
2.444444 658 292
1.800000 457 292
2.666667 88 292
3.000000 181 293
2.210526 670 293
2.250000 672 293
1.933333 408 293
2.285714 117 293
1.333333 46 293
1.000000 25 293
2.625000 202 294
2.210526 716 294
2.250000 718 294
5.181818 726 294
2.777778 215 295
2.150000 733 295
2.142857 709 295
4.636364 628 295
3.125000 211 296
2.315789 730 296
2.190476 724 296
0.833333 30 296
5.555556 706 296
2.888889 204 297
2.200000 749 297
2.350000 734 297
3.500000 689 297
3.625000 232 298
2.142857 788 298
2.238095 749 298
1.000000 25 298
1.000000 25 298
5.272727 758 298
3.111111 240 299
2.526316 876 299
2.450000 773 299
2.277778 610 299
3.444444 272 300
2.380952 904 300
2.450000 790 300
2.157895 738 300
0.625000 40 300
1.400000 35 300
3.750000 254 301
2.333333 967 301
2.631579 783 301
3.000000 743 301
0.625000 40 301
2.700000 270 302
2.428571 988 302
2.263158 917 302
2.636364 761 302
3.200000 304 303
0.384615 1200 303
2.090909 925 303
2.631579 713 303
3.000000 293 304
2.190476 929 304
2.304348 1118 304
3.352941 886 304
3.300000 327 305
2.333333 934 305
2.458333 1224 305
3.000000 998 305
0.750000 48 305
3.666667 162 306
3.888889 365 306
2.500000 1006 306
0.913043 1427 306
3.470588 725 306
0.500000 67 306
3.285714 164 307
3.888889 392 307
2.136364 1133 307
0.583333 1437 307
3.411765 820 307
3.416667 474 308
0.476190 1180 308
3.666667 667 308
1.000000 754 308
3.416667 513 309
2.647059 711 309
1.200000 938 309
3.750000 599 310
3.600000 654 310
1.571429 854 310
3.384615 595 311
0.738095 1431 311
1.000000 25 311
3.615385 671 312
1.400000 1114 312
3.428571 706 313
3.533333 938 313
3.500000 671 314
2.157895 964 314
3.642857 731 315
1.076923 1133 315
3.133333 869 316
1.166667 42 316
2.312500 566 316
1.000000 177 316
3.000000 928 317
2.937500 693 317
2.500000 155 318
3.562500 889 318
2.555556 642 318
3.600000 859 319
2.611111 607 319
3.857143 199 320
1.900000 195 320
1.533333 1096 320
2.250000 621 320
2.500000 151 321
1.636364 193 321
0.608696 1169 321
2.368421 644 321
2.500000 158 322
3.000000 179 322
1.235294 1233 322
2.444444 647 322
2.222222 197 323
5.083333 1063 323
2.055556 610 323
3.571429 203 324
3.000000 227 324
1.516129 882 324
1.631579 544 324
3.500000 224 325
2.750000 204 325
1.266667 792 325
1.833333 544 325
3.125000 210 326
2.777778 237 326
1.214286 662 326
1.684211 522 326
3.714286 214 327
5.166667 228 327
1.894737 572 327
1.260870 592 327
3.250000 234 328
3.444444 262 328
1.800000 557 328
1.411765 414 328
3.222222 221 329
3.200000 294 329
1.894737 520 329
2.222222 152 330
3.100000 272 330
1.578947 486 330
2.125000 138 331
3.857143 203 331
1.526316 463 331
3.111111 234 332
1.800000 149 332
1.800000 45 332
1.611111 461 332
2.333333 162 333
5.285714 277 333
1.611111 469 333
3.000000 235 334
3.500000 189 334
1.666667 446 334
2.750000 159 335
6.200000 222 335
1.944444 493 335
2.875000 167 336
4.625000 244 336
1.888889 483 336
2.300000 187 337
2.750000 175 337
1.611111 430 337
3.625000 250 338
3.400000 259 338
1.705882 421 338
3.222222 246 339
4.400000 150 339
1.705882 394 339
2.333333 172 340
3.333333 257 340
3.285714 193 340
1.705882 406 340
2.900000 259 341
4.857143 243 341
1.555556 403 341
2.500000 160 342
3.555556 270 342
1.800000 148 342
1.714286 77 342
1.647059 392 342
2.444444 177 343
4.000000 271 343
1.700000 157 343
1.090909 112 343
1.687500 373 343
2.333333 178 344
3.100000 269 344
3.666667 306 344
1.625000 363 344
2.100000 181 345
3.200000 294 345
3.375000 231 345
1.666667 357 345
2.200000 186 346
3.555556 269 346
4.375000 265 346
1.785714 349 346
2.444444 184 347
2.600000 235 347
1.461538 200 347
1.500000 85 347
1.333333 342 347
1.909091 194 348
3.200000 275 348
3.300000 287 348
1.222222 310 348
2.300000 202 349
3.000000 274 349
3.750000 260 349
1.277778 327 349
2.200000 202 350
4.000000 277 350
3.250000 220 350
1.294118 283 350
2.181818 218 351
3.555556 262 351
4.250000 292 351
1.176471 253 351
2.400000 221 352
3.300000 275 352
2.100000 178 352
1.500000 49 352
1.176471 268 352
2.700000 242 353
3.200000 271 353
3.500000 315 353
0.714286 139 353
1.176471 259 353
2.888889 237 354
3.300000 286 354
2.916667 315 354
0.769231 129 354
1.266667 244 354
2.181818 222 355
3.111111 244 355
3.400000 313 355
0.714286 139 355
1.200000 225 355
3.000000 535 356
4.375000 273 356
0.714286 139 356
1.285714 221 356
3.100000 566 357
1.615385 214 357
1.375000 80 357
1.153846 181 357
7.000000 594 358
2.916667 288 358
1.142857 201 358
5.363636 608 359
3.444444 291 359
2.727273 682 360
3.636364 341 360
2.923077 680 361
2.916667 307 361
2.000000 690 362
3.545455 329 362
2.000000 684 363
3.777778 340 363
2.444444 210 364
2.461538 351 364
3.600000 336 364
3.363636 312 364
0.750000 140 364
1.916667 299 365
2.666667 363 365
3.600000 355 365
4.111111 310 365
0.523810 215 365
1.437500 373 366
2.500000 362 366
3.500000 340 366
3.000000 332 366
0.523810 214 366
1.210526 442 367
2.666667 347 367
3.166667 348 367
3.333333 344 367
0.523810 215 367
1.043478 521 368
2.384615 353 368
3.636364 362 368
3.272727 347 368
0.578947 209 368
0.884615 570 369
2.214286 376 369
3.636364 366 369
3.777778 320 369
0.611111 200 369
0.656250 656 370
2.214286 369 370
3.900000 370 370
4.000000 356 370
0.600000 744 371
2.461538 366 371
3.500000 356 371
3.416667 381 371
0.589744 846 372
2.500000 786 372
3.800000 369 372
0.534884 950 373
2.615385 767 373
3.900000 365 373
0.425532 1148 374
5.909091 759 374
3.400000 335 374
0.456522 1201 375
5.500000 765 375
3.800000 339 375
0.823529 236 376
0.404255 1096 376
2.150000 764 376
3.727273 360 376
0.727273 313 377
0.416667 1158 377
1.652174 872 377
3.727273 376 377
0.681818 318 378
0.408163 1233 378
2.250000 491 378
4.100000 410 378
3.416667 377 378
0.727273 316 379
0.448980 1272 379
2.250000 475 379
3.500000 414 379
3.500000 360 379
0.727273 324 380
0.420000 1327 380
2.117647 485 380
3.500000 416 380
3.416667 351 380
0.714286 301 381
0.490196 1340 381
2.111111 527 381
3.416667 417 381
2.846154 353 381
0.681818 313 382
0.461538 1404 382
2.000000 519 382
3.500000 424 382
3.363636 379 382
0.681818 322 383
0.568627 1438 383
2.222222 570 383
4.000000 398 383
3.500000 406 383
0.681818 320 384
0.461538 1479 384
2.166667 584 384
3.818182 427 384
3.800000 372 384
0.695652 329 385
0.471698 1515 385
2.352941 573 385
3.818182 415 385
3.076923 354 385
0.681818 326 386
0.436364 1544 386
4.400000 421 386
2.352941 572 386
3.583333 399 386
0.652174 335 387
0.454545 1562 387
4.500000 447 387
2.352941 579 387
4.200000 411 387
0.695652 349 388
0.464286 1643 388
5.625000 427 388
2.529412 624 388
3.500000 399 388
0.695652 356 389
0.543860 1722 389
4.777778 446 389
2.263158 650 389
3.909091 399 389
0.695652 372 390
0.403509 1782 390
4.500000 432 390
3.583333 401 390
2.315789 686 390
0.708333 386 391
0.603448 1940 391
3.909091 421 391
4.200000 356 391
2.647059 685 391
0.708333 388 392
0.590164 2015 392
3.583333 382 392
3.818182 411 392
2.555556 712 392
0.708333 394 393
0.622951 2027 393
4.500000 431 393
3.000000 364 393
2.500000 736 393
0.750000 415 394
0.629032 2176 394
4.090909 445 394
3.818182 423 394
2.285714 850 394
0.720000 438 395
0.640625 2274 395
3.909091 402 395
3.727273 429 395
2.333333 833 395
0.720000 436 396
0.625000 2409 396
4.181818 456 396
3.461538 375 396
2.380952 884 396
0.760000 449 397
0.707692 2425 397
3.916667 480 397
3.384615 404 397
2.428571 914 397
0.791667 451 398
0.727273 2569 398
3.833333 456 398
3.909091 449 398
2.600000 918 398
0.760000 463 399
0.686567 2667 399
3.600000 474 399
3.666667 489 399
2.650000 963 399
0.760000 463 400
0.666667 2829 400
3.500000 457 400
4.500000 447 400
2.160000 1020 400
0.769231 496 401
0.643836 3344 401
3.615385 437 401
4.272727 441 401
2.043478 1148 401
0.769231 507 402
0.662162 3452 402
3.692308 525 402
4.800000 417 402
2.086957 1189 402
0.807692 512 403
0.644737 3559 403
5.333333 383 403
3.916667 528 403
1.958333 1223 403
0.807692 526 404
0.653846 3751 404
5.111111 355 404
4.363636 496 404
2.130435 1198 404
0.821429 603 405
0.654762 4462 405
1.869565 952 405
2.260870 1439 405
0.857143 631 406
1.294118 830 406
0.651685 4984 406
1.961538 1433 406
0.555556 45 406
0.827586 646 407
1.266667 678 407
0.666667 5291 407
1.896552 1261 407
0.833333 689 408
3.700000 495 408
0.736842 5561 408
1.548387 1110 408
0.862069 690 409
1.000000 25 409
0.750000 436 409
0.604396 5389 409
1.500000 1033 409
0.896552 736 410
2.571429 120 410
0.494253 5207 410
1.000000 267 410
1.428571 900 410
0.900000 739 411
2.714286 118 411
0.554217 5056 411
0.259259 182 411
1.440000 814 411
0.900000 750 412
0.641975 4683 412
0.333333 144 412
1.434783 682 412
0.931034 738 413
0.721519 4188 413
1.368421 508 413
0.900000 773 414
1.092593 3153 414
2.700000 260 414
1.500000 248 414
0.931034 768 415
1.071429 3231 415
0.933333 786 416
1.087719 3392 416
0.967742 894 417
1.137931 3466 417
1.000000 884 418
1.264151 3376 418
1.000000 923 419
1.363636 2570 419
1.000000 928 420
1.341463 2066 420
1.384615 222 421
1.031250 993 421
1.466667 1186 421
1.176471 343 422
1.062500 1006 422
1.333333 804 422
0.880000 532 423
1.029412 1137 423
0.920000 569 424
1.058824 1149 424
0.920000 575 425
1.057143 1190 425
0.925926 606 426
1.057143 1256 426
1.000000 596 427
1.057143 1246 427
0.964286 668 428
1.027778 1353 428
1.000000 670 429
1.055556 1408 429
1.000000 716 430
1.111111 1378 430
1.035714 748 431
1.083333 1425 431
1.071429 757 432
1.054054 1489 432
1.033333 773 433
1.052632 1433 433
0.454545 55 433
1.068966 803 434
1.051282 1473 434
1.066667 833 435
1.051282 1552 435
1.064516 912 436
1.025000 1593 436
1.093750 991 437
1.000000 1647 437
1.125000 1062 438
1.024390 1746 438
1.090909 1101 439
1.048780 1754 439
1.121212 1108 440
1.000000 1814 440
4.833333 173 441
1.117647 1175 441
1.023810 1854 441
2.909091 354 442
1.085714 1279 442
1.000000 1937 442
1.722222 438 443
1.114286 1354 443
1.000000 1957 443
1.280000 639 444
1.135135 1447 444
0.977778 2024 444
1.103448 702 445
1.131579 1551 445
1.000000 2085 445
0.939394 801 446
1.102564 1541 446
1.000000 2095 446
0.861111 894 447
1.131579 1600 447
1.021739 2127 447
0.704545 1083 448
1.150000 1712 448
1.042553 2186 448
0.354167 1132 449
1.119048 1916 449
1.020833 2201 449
0.320000 1175 450
1.095238 1952 450
1.020833 2182 450
0.576271 1259 451
1.116279 2102 451
1.088889 2075 451
0.539683 1343 452
1.136364 2138 452
1.166667 1956 452
0.522388 1403 453
1.113636 2220 453
1.282051 1829 453
0.409091 1413 454
1.111111 2314 454
1.457143 1686 454
0.323529 1472 455
1.108696 2406 455
1.593750 1544 455
0.295775 1528 456
1.127660 2675 456
2.260870 1107 456
0.283784 1642 457
1.100000 2980 457
3.642857 675 457
0.285714 1671 458
1.115385 3133 458
4.545455 496 458
0.285714 1732 459
1.094340 3344 459
5.625000 325 459
0.298701 1885 460
1.132075 3394 460
4.428571 182 460
0.291139 1760 461
1.145455 3705 461
1.500000 910 462
0.511111 945 462
1.066667 4278 462
1.160000 736 463
0.488889 959 463
1.049180 4274 463
0.545455 1002 464
1.120000 704 464
1.078125 4813 464
1.000000 25 465
0.600000 1073 465
1.160000 762 465
1.044118 5177 465
0.651163 1104 466
1.115385 762 466
1.054054 5774 466
1.037037 860 467
0.697674 1118 467
1.136364 5250 467
1.115385 811 468
0.707317 1113 468
0.971831 4810 468
1.071429 893 469
0.756098 1170 469
0.779221 4059 469
0.970588 1156 470
0.820513 1184 470
0.865385 2265 470
0.894737 1257 471
0.894737 1240 471
0.888889 1775 471
0.875000 1287 472
0.861111 1215 472
0.945946 1315 472
0.777778 1438 473
1.058824 1203 473
1.090909 510 473
1.636364 195 474
1.214286 963 474
2.272727 337 474
0.945946 1329 474
1.266667 274 475
1.137931 993 475
2.727273 300 475
1.000000 1398 475
0.950000 362 476
1.133333 1010 476
2.666667 315 476
1.000000 1474 476
0.791667 426 477
1.166667 1075 477
3.000000 316 477
1.083333 1434 477
0.954545 489 478
0.714286 35 478
1.166667 1062 478
2.636364 284 478
1.081081 1528 478
0.869565 476 479
1.241379 1104 479
2.416667 325 479
1.052632 1553 479
0.833333 485 480
1.566667 1277 480
2.416667 313 480
0.976744 1823 480
0.800000 496 481
1.093750 1103 481
2.230769 343 481
0.936170 2038 481
0.750000 563 482
1.093750 1143 482
2.230769 359 482
0.918367 2136 482
0.724138 582 483
1.393939 1434 483
2.583333 362 483
0.884615 2317 483
0.840000 533 484
1.531250 1458 484
2.384615 351 484
0.833333 2393 484
0.807692 561 485
0.500000 50 485
1.156250 1161 485
2.384615 376 485
0.839286 2530 485
0.700000 615 486
1.090909 1217 486
3.083333 425 486
0.761905 2775 486
0.677419 639 487
0.795918 1705 487
0.705882 3093 487
0.814815 624 488
0.866667 1703 488
0.653333 3410 488
0.814815 631 489
0.904762 1762 489
0.653333 3566 489
0.793103 693 490
0.975610 1722 490
0.657895 3689 490
0.843750 761 491
1.025641 1751 491
0.581395 4031 491
0.848485 789 492
1.078947 1819 492
0.586207 4122 492
0.787879 808 493
1.111111 1885 493
0.537634 4338 493
2.810811 3400 494
1.000000 3035 494
0.906250 1113 495
1.096154 2941 495
1.266667 2615 495
0.700000 1186 496
1.526316 2143 496
1.666667 2307 496
2.555556 839 496
0.794872 1187 497
1.487179 2197 497
1.806452 2128 497
2.500000 924 497
0.714286 1299 498
0.294118 85 498
1.200000 2000 498
1.000000 25 498
2.280000 1894 498
1.842105 965 498
0.804878 1341 499
1.487179 2309 499
3.000000 1504 499
2.684211 949 499
0.780488 1515 500
1.475000 2359 500
2.153846 1021 500
1.894737 1072 500
0.833333 1651 501
1.525000 2404 501
2.000000 193 501
1.857143 1180 501
1.692308 278 501
0.883721 1837 502
1.487805 2521 502
3.277778 1014 502
0.909091 1920 503
1.487805 2562 503
2.523810 898 503
0.911111 2044 504
1.452381 2606 504
2.000000 844 504
0.913043 2109 505
1.452381 2685 505
1.458333 699 505
0.956522 2144 506
1.404762 2718 506
1.260870 564 506
0.978723 2240 507
1.395349 2750 507
1.647059 427 507
1.000000 2334 508
1.431818 2747 508
2.444444 264 508
1.042553 2459 509
1.418605 2839 509
1.041667 2453 510
1.340909 2884 510
1.116279 2861 511
1.108696 2502 511
1.431818 2948 512
1.060000 2601 512
1.400000 3036 513
1.078431 2631 513
1.377778 3087 514
1.170213 2564 514
1.347826 3201 515
1.375000 2269 515
1.347826 3199 516
1.394737 2020 516
1.285714 3403 517
2.809524 1289 517
1.354167 3455 518
4.000000 1037 518
1.300000 3555 519
3.090909 815 519
1.300000 3595 520
4.375000 566 520
1.294118 3787 521
1.283019 3929 522
1.264151 4016 523
1.057692 4039 524
1.301887 4185 525
1.290909 4214 526
1.454545 3937 527
0.421053 146 527
0.900000 78 527
1.413793 4039 528
0.350000 146 528
0.818182 85 528
1.307692 214 529
4.000000 130 529
0.949153 5040 529
1.200000 256 530
3.333333 132 530
1.278689 5183 530
0.863636 387 531
1.875000 103 531
1.316667 5395 531
0.863636 393 532
2.833333 114 532
1.290323 5670 532
0.826087 411 533
2.571429 129 533
1.274194 5565 533
0.826087 406 534
2.000000 119 534
1.344262 5415 534
0.760000 456 535
1.241935 4820 535
0.791667 441 536
2.857143 145 536
1.106061 4684 536
0.875000 463 537
2.300000 175 537
1.043478 4661 537
0.875000 458 538
2.400000 201 538
1.166667 4467 538
0.880000 504 539
2.500000 202 539
0.955224 4043 539
0.880000 522 540
3.375000 225 540
1.000000 3736 540
0.923077 546 541
3.222222 239 541
0.709091 2272 541
0.923077 568 542
3.750000 250 542
0.745098 1922 542
0.923077 599 543
2.909091 276 543
0.930233 1518 543
0.962963 645 544
2.909091 303 544
0.837838 1129 544
0.964286 686 545
2.909091 322 545
0.885714 1005 545
1.454545 160 546
1.037037 708 546
2.909091 332 546
1.034483 807 546
1.700000 177 547
1.037037 709 547
3.300000 331 547
1.000000 685 547
1.035714 731 548
3.090909 348 548
1.000000 524 548
1.727273 171 549
1.107143 798 549
3.000000 396 549
1.214286 255 549
1.103448 860 550
3.363636 410 550
1.250000 164 551
1.137931 881 551
3.166667 431 551
1.357143 193 552
1.266667 1033 552
3.000000 479 552
1.214286 183 553
1.518519 1102 553
3.153846 532 553
1.281250 1170 554
3.153846 528 554
1.333333 1360 555
3.071429 573 555
1.323529 1533 556
0.312500 80 556
3.066667 664 556
1.285714 1583 557
1.000000 25 557
2.611111 709 557
1.333333 1638 558
3.125000 758 558
1.135135 1609 559
2.812500 810 559
1.162162 1607 560
3.000000 855 560
1.162162 1700 561
1.888889 946 561
1.214286 221 562
1.157895 1817 562
2.882353 919 562
1.000000 25 562
1.000000 276 563
1.157895 1874 563
1.352941 1035 563
0.857143 328 564
1.184211 1929 564
2.473684 1065 564
0.850000 328 565
1.153846 1950 565
1.611111 1149 565
0.857143 347 566
1.268293 2234 566
1.409091 1258 566
0.708333 399 567
1.086957 2416 567
2.200000 1122 567
0.750000 394 568
1.239130 2602 568
2.000000 1044 568
0.739130 391 569
1.166667 2792 569
1.600000 860 569
0.782609 401 570
1.204082 2871 570
1.416667 734 570
0.782609 397 571
1.156863 3120 571
1.461538 318 571
0.857143 402 572
1.153846 3202 572
1.153846 192 572
0.826087 420 573
1.018868 3354 573
0.791667 432 574
1.185185 3481 574
0.826087 422 575
1.134615 3561 575
0.800000 468 576
1.240000 3610 576
0.833333 470 577
1.142857 3731 577
0.880000 513 578
1.189655 3961 578
0.920000 519 579
1.555556 127 579
1.186441 4095 579
1.421053 587 580
1.196721 4214 580
1.238095 602 581
1.200000 4488 581
0.600000 56 581
1.181818 628 582
1.200000 4633 582
1.173913 653 583
1.257576 4806 583
1.173913 661 584
1.491228 4904 584
1.166667 684 585
1.396552 4604 585
1.250000 701 586
1.366667 4426 586
1.363636 704 587
1.446429 4073 587
1.240000 749 588
1.906977 3504 588
1.583333 239 589
1.192308 759 589
1.000000 159 589
2.352941 2748 589
1.333333 305 590
1.192308 774 590
1.090909 139 590
2.961538 2377 590
1.000000 426 591
1.185185 831 591
0.750000 1410 591
1.000000 462 592
1.100000 923 592
0.958333 485 593
1.032258 927 593
0.958333 520 594
1.096774 996 594
0.958333 497 595
1.296296 981 595
0.960000 513 596
1.200000 1034 596
0.960000 516 597
1.206897 1020 597
0.960000 535 598
1.565217 1012 598
0.960000 531 599
1.384615 1067 599
1.000000 25 599
1.040000 572 600
1.333333 1090 600
0.526316 189 600
0.961538 596 601
1.480000 1099 601
0.526316 189 601
1.000000 593 602
1.608696 1133 602
0.526316 189 602
1.000000 587 603
1.652174 1175 603
0.526316 189 603
0.962963 604 604
0.480000 1266 604
0.896552 632 605
0.538462 1297 605
1.000000 650 606
0.342857 1250 606
0.964286 665 607
0.371429 1373 607
0.833333 30 607
0.964286 702 608
0.324324 1457 608
0.965517 723 609
1.055556 1534 609
1.000000 741 610
1.085714 1560 610
1.000000 784 611
1.114286 1595 611
0.966667 769 612
0.324324 1569 612
2.250000 147 613
1.000000 856 613
0.777778 1622 613
2.333333 167 614
1.000000 863 614
0.358974 1768 614
2.333333 179 615
1.000000 951 615
0.350000 1832 615
2.222222 177 616
1.066667 920 616
0.388889 1882 616
2.444444 200 617
1.103448 936 617
0.302326 2016 617
1.909091 189 618
2.222222 192 618
1.178571 973 618
1.181818 2039 618
1.545455 156 619
2.444444 197 619
1.137931 1027 619
1.146341 2244 619
2.100000 171 620
2.400000 217 620
1.214286 1080 620
0.357143 2180 620
1.700000 160 621
2.090909 222 621
1.172414 1123 621
0.400000 2398 621
2.000000 202 622
2.636364 263 622
1.206897 1195 622
0.363636 2323 622
2.090909 197 623
2.545455 266 623
1.285714 1248 623
0.434783 907 623
0.435484 1473 623
2.090909 210 624
2.545455 283 624
0.972973 1394 624
0.418605 749 624
0.604167 1135 624
2.000000 224 625
2.363636 277 625
1.310345 1381 625
0.600000 545 625
0.828571 890 625
2.181818 234 626
2.461538 338 626
1.161290 1545 626
2.125000 204 626
0.692308 124 626
1.666667 244 627
2.153846 322 627
1.258065 1586 627
1.923077 278 628
2.538462 404 628
1.205882 1760 628
2.166667 279 629
2.266667 415 629
0.309524 1765 629
2.000000 281 630
2.571429 448 630
0.292683 1788 630
2.250000 283 631
2.533333 458 631
0.803922 1976 631
2.250000 283 632
2.533333 487 632
0.931818 1977 632
2.333333 305 633
2.533333 486 633
0.333333 1901 633
2.230769 331 634
2.500000 529 634
0.333333 1965 634
2.384615 350 635
2.866667 565 635
0.288889 2025 635
2.142857 356 636
2.470588 611 636
0.411765 2053 636
2.428571 392 637
2.588235 637 637
0.421053 2035 637
2.272727 258 638
2.066667 378 638
2.647059 633 638
0.418605 2005 638
1.785714 342 639
2.200000 415 639
2.555556 675 639
0.326087 708 639
0.392857 1133 639
1.470588 393 640
2.333333 422 640
2.526316 726 640
0.340909 1781 640
1.470588 431 641
2.187500 439 641
2.238095 762 641
0.404762 671 641
0.521739 940 641
1.136364 566 642
2.312500 474 642
2.650000 863 642
0.606061 543 642
0.657895 803 642
0.928571 666 643
1.600000 40 643
2.437500 515 643
2.300000 1069 643
1.043478 927 643
0.764706 752 644
2.294118 525 644
2.636364 1040 644
1.583333 532 644
0.714286 35 644
1.000000 25 644
0.931034 739 645
0.888889 64 645
2.352941 558 645
2.681818 1070 645
2.000000 158 645
0.848485 847 646
2.277778 593 646
0.230769 1416 646
0.878788 794 647
2.333333 604 647
1.086957 1330 647
1.250000 743 648
1.000000 46 648
1.166667 41 648
2.315789 670 648
1.758621 1135 648
1.285714 57 649
1.208333 700 649
1.600000 40 649
2.368421 709 649
1.807692 1016 649
1.142857 50 650
1.571429 64 650
1.250000 672 650
1.333333 46 650
1.166667 42 650
2.350000 732 650
1.260870 602 650
1.400000 35 651
1.250000 681 651
1.125000 64 651
1.400000 35 651
2.350000 757 651
1.692308 360 651
1.000000 25 652
1.200000 707 652
1.000000 25 652
1.600000 40 652
2.500000 811 652
1.000000 174 652
2.600000 65 653
1.200000 708 653
1.571429 65 653
2.333333 831 653
1.240000 728 654
2.380952 886 654
1.240000 744 655
0.888889 68 655
1.111111 72 655
2.476190 905 655
0.833333 30 655
1.280000 769 656
2.625000 189 656
2.476190 949 656
1.230769 780 657
2.100000 205 657
2.409091 997 657
1.230769 853 658
2.090909 214 658
2.041667 1194 658
1.269231 880 659
2.300000 200 659
2.083333 1228 659
1.307692 885 660
2.666667 200 660
1.120000 1321 660
1.000000 25 660
1.423077 950 661
4.333333 222 661
2.120000 1377 661
1.370370 950 662
0.818182 87 662
1.625000 94 662
1.307692 1513 662
1.357143 1018 663
2.600000 226 663
2.285714 1401 663
1.392857 1030 664
2.600000 239 664
2.000000 1306 664
1.428571 1057 665
2.600000 245 665
1.793103 1201 665
1.464286 1096 666
2.888889 249 666
1.740741 1068 666
1.448276 1144 667
2.500000 240 667
1.576923 906 667
1.413793 1199 668
3.000000 273 668
1.285714 500 668
1.200000 1202 669
2.333333 319 669
1.225806 1239 670
2.545455 295 670
1.419355 1337 671
2.545455 331 671
1.375000 1372 672
2.333333 336 672
1.161290 1263 673
2.230769 340 673
1.406250 1410 674
2.500000 348 674
1.090909 1290 675
2.307692 372 675
1.058824 1376 676
2.307692 369 676
1.088235 1401 677
2.307692 366 677
1.057143 1457 678
2.214286 393 678
1.142857 1542 679
2.214286 393 679
0.833333 30 679
1.000000 25 679
1.457143 1664 680
2.214286 381 680
1.400000 1722 681
2.285714 413 681
0.833333 30 681
1.194444 1700 682
2.333333 440 682
1.472222 1911 683
2.357143 438 683
1.594595 2048 684
2.357143 433 684
1.447368 2091 685
2.846154 479 685
1.589744 2271 686
2.666667 535 686
1.575000 2349 687
2.857143 516 687
1.400000 35 688
1.475000 2280 688
2.666667 522 688
0.625000 40 688
1.400000 35 689
1.175000 2491 689
2.800000 586 689
1.404762 2680 690
2.687500 607 690
1.558140 2742 691
2.687500 608 691
1.400000 3036 692
2.647059 655 692
0.555556 45 692
1.466667 3085 693
2.555556 667 693
1.909091 179 694
1.391304 3192 694
2.764706 704 694
1.272727 135 695
1.106383 3314 695
2.611111 691 695
1.000000 25 696
1.083333 124 696
1.404255 3364 696
2.611111 721 696
2.000000 209 697
1.375000 3492 697
2.823529 714 697
2.000000 181 698
1.416667 3593 698
2.882353 786 698
1.833333 197 699
0.280000 3756 699
3.000000 749 699
0.833333 30 700
1.181818 129 700
0.205128 3904 700
2.941176 804 700
1.363636 156 701
0.153846 3957 701
2.833333 832 701
2.090909 198 702
1.392157 4042 702
2.789474 858 702
2.000000 231 703
0.555556 158 703
0.519231 4146 703
2.789474 877 703
2.090909 211 704
0.500000 182 704
1.403846 3820 704
2.842105 893 704
0.200000 312 704
2.181818 232 705
0.461538 340 705
1.339623 3839 705
2.500000 1004 705
0.209302 346 705
2.500000 226 706
0.642857 453 706
1.407407 4346 706
2.611111 955 706
2.000000 220 707
1.000000 455 707
1.222222 4386 707
2.611111 976 707
1.000000 25 707
2.153846 265 708
0.352941 261 708
1.625000 4691 708
2.300000 1140 708
2.083333 238 709
0.304348 159 709
1.631579 4990 709
0.565217 1141 709
1.866667 328 710
0.333333 324 710
1.129032 4426 710
2.500000 1229 710
1.933333 323 711
0.291667 387 711
1.079365 4337 711
1.838710 1190 711
1.937500 361 712
0.280000 450 712
1.118644 4211 712
1.741935 1139 712
2.000000 354 713
0.320000 461 713
1.032787 4177 713
1.700000 1077 713
2.384615 343 714
0.259259 528 714
0.983871 4025 714
1.566667 1014 714
2.214286 350 715
0.296296 565 715
0.937500 3991 715
1.433333 919 715
2.538462 369 716
0.236842 635 716
0.835821 3834 716
1.500000 736 716
2.428571 368 717
0.268293 754 717
0.797101 3789 717
1.454545 627 717
2.266667 391 718
0.379310 627 718
0.761194 3548 718
1.421053 506 718
2.571429 411 719
0.392857 528 719
0.721311 2876 719
0.406250 582 720
2.466667 438 720
0.711864 2674 720
0.454545 633 721
2.642857 444 721
0.706897 2479 721
0.441176 718 722
2.533333 444 722
0.696429 2198 722
0.342105 494 723
2.222222 532 723
0.653061 1606 723
0.324324 424 724
2.411765 536 724
0.617021 1415 724
0.263158 437 725
2.470588 590 725
0.590909 1145 725
0.333333 405 726
2.588235 631 726
0.560976 939 726
0.285714 383 727
2.444444 655 727
0.538462 725 727
0.303030 284 728
0.727273 76 728
2.555556 684 728
0.642857 490 728
0.272727 277 729
0.666667 51 729
2.611111 709 729
0.551724 406 729
0.312500 268 730
2.526316 762 730
0.413793 276 730
0.346154 202 731
2.631579 792 731
0.714286 123 731
1.000000 45 731
0.384615 190 732
2.684211 815 732
2.550000 826 733
2.736842 877 734
0.625000 40 734
2.619048 1009 735
0.416667 60 735
1.090909 1114 736
1.227273 1177 737
1.772727 1189 738
4.333333 1283 739
1.083333 1294 740
1.166667 1460 741
1.080000 1522 742
2.269231 1298 743
2.115385 1220 744
1.923077 1147 745
1.125000 342 746
2.200000 225 756
1.571429 311 757
1.263158 441 758
1.200000 878 759
0.911765 1043 760
0.285714 1082 761
0.333333 1164 762
0.888889 1282 763
0.388889 721 764
0.928571 721 764
0.405405 756 765
0.900000 787 765
0.405405 761 766
0.843750 796 766
0.378378 738 767
0.818182 817 767
0.394737 747 768
0.964286 819 768
0.405405 793 769
0.965517 870 769
0.405405 817 770
1.035714 933 770
2.000000 240 771
0.416667 858 771
0.909091 1024 771
1.769231 305 772
0.459459 860 772
0.750000 1094 772
1.500000 364 773
0.472222 867 773
0.775000 1121 773
1.388889 430 774
0.421053 882 774
0.756098 1205 774
1.388889 481 775
0.400000 912 775
0.820513 1213 775
1.130435 582 776
0.425000 951 776
0.780488 1231 776
1.037037 679 777
0.435897 1032 777
0.795455 1474 777
1.000000 700 778
0.410256 1065 778
0.782609 1488 778
1.000000 720 779
0.400000 1124 779
0.770833 1610 779
1.000000 737 780
0.425000 1187 780
0.795918 1689 780
1.074074 745 781
3.250000 189 781
0.459459 1175 781
0.812500 1748 781
1.035714 770 782
2.454545 279 782
0.450000 1240 782
0.784314 1887 782
1.035714 776 783
2.076923 332 783
0.441860 1315 783
0.803922 1971 783
1.068966 835 784
1.647059 445 784
0.487179 1412 784
0.759259 2087 784
1.068966 842 785
1.421053 484 785
0.550000 1473 785
0.796296 2164 785
1.103448 888 786
1.400000 523 786
0.425532 1751 786
0.789474 2367 786
1.066667 911 787
1.333333 539 787
0.479167 1757 787
0.775862 2473 787
1.064516 984 788
1.333333 579 788
0.490196 1846 788
0.765625 2700 788
1.096774 995 789
1.272727 586 789
0.470588 1936 789
0.875000 2469 789
1.125000 1063 790
1.380952 574 790
0.500000 2191 790
1.545455 1473 790
1.156250 1112 791
1.318182 586 791
0.491228 2305 791
1.840000 1055 791
1.187500 1130 792
1.578947 592 792
0.500000 2329 792
2.500000 603 792
1.151515 1160 793
1.428571 616 793
0.473684 2389 793
4.571429 221 793
1.176471 1236 794
1.428571 636 794
0.491525 2582 794
1.285714 1424 795
1.291667 695 795
0.470588 3005 795
1.250000 1431 796
1.347826 692 796
0.470588 3118 796
1.305556 1525 797
1.347826 721 797
0.463768 3199 797
1.243243 1627 798
1.333333 724 798
0.471429 3315 798
1.368421 1688 799
1.320000 776 799
0.472973 3567 799
1.282051 1852 800
1.320000 823 800
0.493506 3723 800
1.384615 1851 801
1.320000 821 801
0.532468 3731 801
1.000000 25 801
1.350000 1890 802
1.307692 844 802
0.525000 3756 802
1.375000 1909 803
1.269231 844 803
0.536585 3780 803
0.763889 3137 804
0.600000 3733 804
0.777778 3173 805
0.694444 3525 805
0.808219 3267 806
0.787879 3357 806
0.662162 3286 807
0.913793 3115 807
0.625000 40 807
0.810811 3398 808
0.960784 2842 808
0.810811 3433 809
1.063830 2555 809
0.826667 3500 810
1.333333 2251 810
0.820513 3721 811
2.160000 1496 811
0.810127 3710 812
2.894737 1170 812
0.790698 4295 813
1.280000 3030 814
1.379310 1128 814
1.254902 3204 815
1.300000 1183 815
1.250000 3367 816
1.333333 1172 816
1.250000 3444 817
1.413793 1224 817
1.400000 1272 818
1.192982 3690 818
1.354839 1287 819
1.206897 3823 819
1.400000 1329 820
1.114754 4071 820
1.400000 1343 821
1.131148 4182 821
1.433333 1361 822
1.131148 4236 822
1.517241 1399 823
1.163934 4377 823
1.419355 1422 824
1.183333 4450 824
1.363636 1518 825
1.193548 4766 825
0.526316 172 825
1.451613 1511 826
1.230769 5078 826
0.555556 45 826
0.526316 171 826
1.323529 1547 827
1.194030 5215 827
0.526316 172 827
1.352941 1643 828
1.242857 5378 828
0.473684 166 828
1.314286 1616 829
1.211268 5329 829
0.625000 40 829
1.424242 1623 830
1.257143 5175 830
0.500000 50 830
1.305556 1723 831
1.537037 4179 831
1.371429 1747 832
1.733333 3421 832
0.375000 86 832
1.361111 1895 833
1.571429 2524 833
1.470588 1911 834
2.160000 1637 834
1.388889 1861 835
3.214286 794 835
1.300000 2056 836
1.289474 2122 837
1.333333 2233 838
1.275000 2229 839
1.421053 2348 840
1.447368 2401 841
1.325000 2465 842
1.325000 2613 843
1.292683 2651 844
1.186047 2652 845
1.325581 2710 846
1.282609 2738 847
1.340909 2704 848
1.340909 2700 849
1.666667 2495 850
1.764706 2320 851
1.903226 2101 852
1.843750 1914 853
2.034483 1678 854
2.320000 1433 855
2.761905 1182 856
2.461538 976 857
3.100000 760 858
4.571429 535 859
4.333333 174 868
2.363636 295 869
1.687500 435 870
1.272727 637 871
1.208333 697 872
1.160000 736 873
1.304348 805 874
1.000000 894 875
1.034483 919 876
1.033333 955 877
1.032258 988 878
1.032258 1008 879
1.000000 1010 880
0.968750 1025 881
1.000000 1037 882
1.064516 1081 883
1.031250 1110 884
0.833333 30 884
1.030303 1119 885
0.833333 30 885
1.000000 1176 886
1.000000 1193 887
1.030303 1199 888
1.060606 1170 889
1.029412 1236 890
1.029412 1256 891
1.058824 1298 892
1.057143 1402 893
1.055556 1413 894
1.000000 25 894
1.055556 1540 895
1.081081 1538 896
0.384615 65 896
1.131579 1714 897
0.625000 40 897
1.157895 1735 898
1.078947 1791 899
1.210526 1826 900
1.184211 1893 901
0.714286 35 901
1.150000 1967 902
1.000000 25 902
1.205128 1953 903
0.625000 40 903
1.175000 2008 904
1.000000 25 904
1.200000 2051 905
0.625000 40 905
1.150000 2149 906
1.175000 2146 907
1.190476 2126 908
0.333333 75 908
1.219512 2364 909
1.190476 2424 910
1.108696 2524 911
1.214286 2522 912
1.200000 2699 913
1.177778 2734 914
1.250000 2829 915
1.272727 2797 916
1.266667 2840 917
1.288889 2812 918
1.282609 2903 919
1.255319 2950 920
5.333333 186 920
1.250000 3015 921
6.571429 316 921
1.312500 3144 922
5.272727 535 922
1.306122 3185 923
4.833333 589 923
1.294118 3467 924
2.800000 820 924
1.600000 40 924
1.294118 3511 925
2.500000 920 925
1.000000 25 925
1.283019 3487 926
4.000000 694 926
1.400000 35 926
1.326923 3523 927
3.785714 723 927
0.428571 191 928
1.301887 3602 928
2.571429 784 928
0.466667 250 929
1.320755 3632 929
3.235294 800 929
0.500000 302 930
1.314815 3667 930
3.235294 868 930
1.000000 210 931
0.437500 103 931
1.314815 3704 931
2.875000 819 931
0.560000 531 932
1.345455 3854 932
2.571429 705 932
0.483871 519 933
0.437500 106 933
1.357143 3984 933
3.000000 779 933
0.470588 554 934
0.411765 112 934
1.392857 4071 934
2.111111 541 934
1.384615 207 934
0.441176 571 935
0.411765 111 935
1.410714 4164 935
1.900000 599 935
1.636364 160 935
0.411765 756 936
0.750000 48 936
1.210526 4146 936
3.588235 759 936
0.454545 763 937
1.189655 4241 937
3.647059 768 937
0.416667 803 938
1.300000 4569 938
3.388889 725 938
0.457143 858 939
1.278689 4778 939
1.571429 527 939
1.583333 211 939
0.500000 883 940
1.274194 4984 940
1.789474 483 940
1.461538 225 940
0.432432 924 941
1.306452 5183 941
1.736842 487 941
1.176471 329 941
0.555556 757 942
0.400000 142 942
1.306452 5227 942
1.400000 442 942
1.400000 302 942
0.513514 774 943
0.500000 126 943
1.322581 5294 943
1.000000 459 943
1.571429 303 943
0.432432 945 944
1.301587 5423 944
2.600000 770 944
0.513514 806 945
0.444444 125 945
1.338710 5488 945
7.500000 690 945
0.435897 979 946
1.276923 5557 946
1.388889 341 946
2.333333 270 946
0.447368 988 947
1.272727 5643 947
1.666667 330 947
2.428571 355 947
0.447368 1022 948
1.287879 5704 948
8.000000 785 948
0.435897 1045 949
1.303030 5817 949
6.888889 750 949
0.390244 1074 950
1.298507 5980 950
4.000000 805 950
0.435897 1042 951
1.279412 6027 951
3.687500 714 951
0.414634 1055 952
1.313433 6110 952
2.857143 791 952
0.439024 1115 953
1.289855 6317 953
0.600000 947 953
0.450000 1145 954
1.289855 6373 954
2.222222 159 954
1.866667 446 954
0.391304 1159 955
1.304348 6470 955
2.222222 168 955
2.416667 366 955
0.441860 1210 956
1.271429 6469 956
1.800000 157 956
2.545455 356 956
0.465116 1237 957
1.285714 6612 957
1.545455 627 957
0.460000 1654 958
1.301370 7200 958
1.615385 196 958
1.866667 466 958
0.400000 1566 959
1.297297 7283 959
1.444444 144 959
1.350000 559 959
0.395833 1510 960
1.315068 7374 960
1.333333 660 960
0.428571 1555 961
1.310811 7425 961
2.736842 718 961
0.384615 1555 962
1.293333 7534 962
1.272727 666 962
0.370370 1640 963
1.324324 7634 963
1.217391 663 963
0.381818 1778 964
1.289474 7732 964
1.272727 686 964
0.385965 1818 965
1.289474 7858 965
2.285714 114 965
1.705882 519 965
0.354839 2004 966
1.282051 7859 966
1.318182 548 966
2.222222 167 967
0.370968 2311 967
1.287500 8330 967
2.095238 607 967
2.555556 215 968
1.240964 11216 968
1.250000 570 968
2.400000 217 969
1.226190 11142 969
1.409091 614 969
2.777778 236 970
1.247059 11294 970
1.227273 658 970
2.500000 247 971
1.241379 10931 971
1.333333 647 971
2.454545 271 972
1.224719 10707 972
1.380952 608 972
2.454545 272 973
2.142857 579 973
1.188889 9289 973
1.181818 569 973
2.727273 297 974
1.588235 390 974
1.107527 9045 974
1.473684 518 974
2.900000 300 975
1.777778 470 975
1.085106 8937 975
1.473684 479 975
2.818182 321 976
2.235294 552 976
1.053191 8771 976
1.526316 461 976
2.909091 320 977
2.666667 572 977
1.065217 8548 977
2.000000 381 977
2.818182 326 978
2.625000 584 978
0.764045 7586 978
2.000000 373 978
3.000000 356 979
1.300000 7716 979
1.625000 342 979
2.909091 353 980
1.120690 7363 980
1.470588 361 980
3.833333 208 981
2.583333 359 981
0.727273 7032 981
1.529412 360 981
3.200000 363 982
3.000000 381 982
0.333333 6528 982
1.437500 325 982
2.583333 453 983
2.615385 391 983
0.766667 6259 983
1.352941 333 983
1.857143 560 984
2.461538 389 984
1.090909 6105 984
1.352941 331 984
2.062500 620 985
2.916667 416 985
1.130435 5855 985
1.400000 284 985
1.888889 773 986
3.000000 430 986
3.320000 5453 986
1.909091 269 986
1.636364 887 987
2.769231 451 987
1.660000 5335 987
1.428571 248 987
1.500000 1045 988
3.083333 462 988
1.818182 4512 988
1.777778 189 988
1.608696 1098 989
2.846154 473 989
1.410714 4349 989
1.400000 164 989
1.608696 1122 990
2.714286 490 990
1.471698 4401 990
1.541667 1175 991
2.785714 508 991
1.452830 4122 991
0.560000 1251 992
2.857143 536 992
1.142857 4015 992
0.518519 1265 993
2.928571 556 993
1.059701 3934 993
0.555556 1297 994
2.928571 562 994
0.811594 3881 994
0.333333 1373 995
2.733333 562 995
0.080645 3292 995
0.368421 1412 996
2.800000 594 996
0.093750 3242 996
0.230769 1609 997
2.750000 667 997
0.250000 2638 997
0.681818 1638 998
2.812500 682 998
1.000000 25 998
0.416667 1436 998
0.500000 1066 998
0.223881 1685 999
2.588235 683 999
2.714286 1167 999
1.000000 36 999
3.142857 928 999
0.400000 1676 1000
2.875000 729 1000
1.875000 122 1000
1.678571 952 1000
0.818182 666 1000
0.390244 1724 1001
2.823529 767 1001
1.750000 106 1001
1.592593 843 1001
1.000000 541 1001
1.416667 1761 1002
2.000000 66 1002
2.937500 778 1002
0.857143 39 1002
0.777778 404 1002
1.541667 750 1002
2.000000 1970 1003
1.000000 46 1003
2.666667 831 1003
0.833333 30 1003
1.000000 25 1003
1.714286 83 1003
1.136364 478 1003
0.750000 119 1003
0.487179 2225 1004
2.277778 982 1004
3.800000 95 1004
1.142857 56 1004
0.351852 2224 1005
1.555556 1020 1005
1.400000 35 1005
2.000000 50 1005
1.166667 42 1005
0.909091 2335 1006
1.555556 1051 1006
0.425532 2457 1007
2.470588 1059 1007
0.512195 2531 1008
2.944444 968 1008
0.381818 2569 1009
2.800000 1009 1009
2.571429 125 1009
0.298507 2733 1010
3.000000 980 1010
4.125000 233 1010
0.362069 2771 1011
2.850000 1005 1011
1.727273 381 1011
1.200000 30 1011
0.920000 2887 1012
1.150000 1142 1012
1.800000 440 1012
0.352941 1331 1013
1.272727 150 1013
1.088235 1338 1013
0.882353 1240 1013
1.470588 597 1013
0.372549 1358 1014
1.181818 165 1014
1.117647 1401 1014
0.360000 1267 1014
1.200000 625 1014
0.365385 1406 1015
1.400000 179 1015
1.222222 80 1015
1.114286 1366 1015
0.888889 332 1015
1.076923 810 1015
0.913043 582 1015
0.320755 1404 1016
1.628571 1759 1016
0.941176 255 1016
1.416667 708 1016
0.840000 494 1016
0.351852 1514 1017
1.305556 1781 1017
0.454545 55 1017
2.619048 1205 1017
0.760000 465 1017
0.357143 1599 1018
1.378378 1957 1018
0.833333 104 1018
1.227273 722 1018
0.625000 404 1018
0.350877 1625 1019
1.552632 2033 1019
0.777778 58 1019
1.684211 711 1019
0.520000 369 1019
1.578947 2194 1020
0.344828 1643 1020
1.037037 689 1020
0.440000 313 1020
0.333333 1732 1021
1.631579 2233 1021
1.111111 687 1021
0.333333 272 1021
0.344262 1776 1022
1.615385 2312 1022
1.160000 679 1022
0.259259 220 1022
0.344262 1882 1023
1.550000 2382 1023
1.380952 604 1023
0.615385 99 1023
0.350000 1958 1024
1.600000 2483 1024
1.473684 518 1024
0.777778 57 1024
0.366667 1985 1025
1.675000 2518 1025
1.277778 427 1025
1.000000 25 1025
0.360656 2006 1026
1.609756 2561 1026
1.052632 392 1026
0.365079 2070 1027
1.439024 2574 1027
0.714286 35 1027
1.166667 160 1027
0.353846 2124 1028
1.418605 2593 1028
0.625000 40 1028
0.380952 2075 1029
1.581395 2758 1029
0.421875 2056 1030
1.795455 3087 1030
0.447761 2024 1031
1.000000 25 1031
1.586957 3218 1031
0.476923 1944 1032
1.723404 3358 1032
0.492063 1833 1033
1.000000 25 1033
1.562500 3402 1033
0.568966 1725 1034
1.000000 25 1034
1.551020 3467 1034
0.634615 1581 1035
1.571429 3548 1035
0.673913 1441 1036
1.714286 3672 1036
0.885714 1137 1037
1.200000 30 1037
1.549020 3884 1037
1.384615 236 1038
1.033333 969 1038
1.725490 3996 1038
1.111111 333 1039
1.375000 783 1039
1.547170 4104 1039
0.869565 433 1040
1.789474 637 1040
1.423077 4125 1040
0.952381 432 1041
2.500000 470 1041
1.200000 30 1041
1.388889 4093 1041
1.047619 473 1042
2.800000 88 1042
1.527273 4094 1042
1.000000 478 1043
1.303571 4276 1043
0.956522 521 1044
2.600000 65 1044
1.428571 3632 1044
0.956522 553 1045
2.392857 2054 1045
1.000000 586 1046
9.571429 448 1046
0.857143 639 1047
0.961538 694 1048
0.960000 672 1049
0.896552 717 1050
0.380952 168 1051
1.000000 747 1051
0.307692 237 1052
0.896552 763 1052
0.307692 240 1053
0.818182 810 1053
0.310345 294 1054
0.848485 832 1054
0.312500 329 1055
1.037037 827 1055
0.480000 412 1056
0.933333 877 1056
0.325000 513 1057
0.909091 937 1057
0.388889 718 1058
0.837838 1078 1058
0.267857 909 1059
0.868421 1190 1059
0.333333 1027 1060
0.897436 1244 1060
0.333333 1196 1061
0.829268 1292 1061
0.326923 1269 1062
0.875000 1357 1062
0.360000 1319 1063
0.853659 1391 1063
0.346939 1309 1064
0.853659 1445 1064
0.293103 1279 1065
0.880952 1490 1065
0.269841 1317 1066
0.840909 1548 1066
0.435897 1265 1067
0.795455 1575 1067
0.435897 1297 1068
0.863636 1605 1068
0.395349 1320 1069
0.822222 1638 1069
0.461538 1329 1070
0.866667 1708 1070
0.425000 1327 1071
0.826087 1734 1071
0.574074 1340 1072
0.872340 1884 1072
0.524590 1446 1073
0.875000 1926 1073
0.492537 1578 1074
0.857143 1971 1074
0.348837 1040 1075
0.517241 414 1075
0.836735 2000 1075
0.214286 1598 1076
0.840000 2057 1076
0.507042 1742 1077
0.843137 2099 1077
0.507042 1765 1078
0.862745 2162 1078
0.714286 1828 1079
0.867925 2296 1079
0.554054 1924 1080
0.867925 2293 1080
0.263889 1834 1081
0.836364 2265 1081
0.425532 1363 1082
0.515152 563 1082
0.920000 2150 1082
0.295775 2008 1083
0.978723 2030 1083
0.431373 2113 1084
1.230769 1745 1084
0.359375 2168 1085
1.305556 1567 1085
0.412698 2274 1086
1.000000 25 1086
1.500000 1377 1086
0.413793 2465 1087
2.000000 1009 1087
0.735294 2834 1088
2.562500 650 1088
1.020000 3082 1089
3.888889 281 1089
0.716216 3137 1090
1.317073 3097 1091
1.244444 3254 1092
1.500000 3290 1093
1.380952 3367 1094
1.552632 3418 1095
1.631579 3794 1096
1.600000 4080 1097
1.609756 4110 1098
1.634146 4320 1099
1.048780 4562 1100
1.666667 4698 1101
1.046512 4826 1102
1.636364 4963 1103
1.720930 5126 1104
1.116279 5442 1105
0.382353 2669 1106
1.061224 2747 1106
0.385714 2692 1107
0.928571 2767 1107
0.397260 2723 1108
1.081633 2778 1108
0.424658 2695 1109
1.222222 2694 1109
0.426667 2695 1110
1.285714 2561 1110
0.485714 2658 1111
1.400000 2493 1111
0.454545 2636 1112
1.555556 2373 1112
0.521739 2437 1113
1.870968 2074 1113
0.596491 2117 1114
1.878788 1888 1114
0.673077 1976 1115
2.206897 1696 1115
0.804348 1802 1116
2.307692 1430 1116
0.950000 1611 1117
2.772727 1181 1117
1.147059 1360 1118
2.500000 880 1118
1.900000 167 1119
1.392857 1153 1119
4.538462 648 1119
2.100000 177 1120
1.772727 923 1120
6.000000 294 1120
1.333333 47 1120
1.545455 160 1121
1.500000 396 1121
1.636364 168 1122
1.700000 197 1122
2.000000 191 1123
2.090909 201 1124
2.272727 219 1125
2.363636 219 1126
2.000000 236 1127
1.916667 214 1128
2.250000 258 1129
1.583333 198 1130
2.153846 262 1131
2.250000 272 1132
2.166667 259 1133
2.000000 231 1134
2.000000 255 1135
2.416667 293 1136
2.500000 300 1137
2.076923 289 1138
2.076923 287 1139
2.000000 277 1140
2.250000 277 1141
2.153846 310 1142
2.384615 335 1143
3.833333 152 1144
2.769231 407 1144
3.000000 207 1145
2.769231 421 1145
2.500000 271 1146
2.846154 444 1146
2.083333 305 1147
3.166667 445 1147
2.230769 361 1148
2.533333 467 1148
2.000000 440 1149
3.454545 462 1149
1.764706 469 1150
2.714286 492 1150
1.578947 555 1151
2.857143 498 1151
1.380952 610 1152
3.076923 503 1152
1.428571 657 1153
2.800000 542 1153
1.200000 729 1154
2.733333 553 1154
1.111111 786 1155
2.800000 558 1155
1.409091 801 1156
2.800000 573 1156
1.192308 856 1157
2.866667 595 1157
1.185185 861 1158
2.687500 608 1158
1.185185 890 1159
3.071429 623 1159
1.178571 935 1160
2.315789 687 1160
0.833333 30 1160
1.185185 913 1161
2.421053 740 1161
1.222222 944 1162
2.611111 756 1162
1.178571 948 1163
2.823529 747 1163
1.185185 910 1164
3.062500 755 1164
1.178571 986 1165
3.062500 834 1165
1.178571 953 1166
3.000000 919 1166
1.178571 970 1167
2.789474 934 1167
1.137931 1003 1168
2.318182 930 1168
0.555556 45 1168
1.172414 1030 1169
2.650000 927 1169
0.500000 64 1169
1.166667 1046 1170
1.869565 1106 1170
1.166667 1074 1171
4.900000 1130 1171
1.241379 1110 1172
0.260870 1147 1172
1.200000 1126 1173
0.260870 1192 1173
1.200000 1140 1174
0.304348 1226 1174
1.200000 1138 1175
3.250000 1351 1175
1.200000 1153 1176
0.500000 1329 1176
1.129032 1145 1177
1.000000 958 1177
1.161290 1235 1178
1.363636 796 1178
1.193548 1202 1179
2.150000 711 1179
1.187500 1263 1180
1.857143 710 1180
1.200000 1266 1181
1.590909 650 1181
1.156250 1289 1182
1.428571 576 1182
1.187500 1275 1183
1.421053 480 1183
1.156250 1294 1184
1.352941 366 1184
1.117647 1277 1185
1.000000 25 1185
1.333333 191 1185
1.114286 1342 1186
1.147059 1346 1187
1.212121 1421 1188
1.181818 1420 1189
1.147059 1455 1190
1.114286 1495 1191
1.176471 1470 1192
0.714286 35 1192
1.235294 1608 1193
1.200000 1608 1194
1.200000 1624 1195
1.194444 1664 1196
1.222222 1700 1197
1.250000 1744 1198
1.243243 1792 1199
1.216216 1789 1200
1.128205 1867 1201
1.075000 1840 1202
1.000000 195 1203
1.125000 1920 1203
0.833333 238 1204
1.100000 1897 1204
0.695652 340 1205
1.046512 1978 1205
0.625000 337 1206
1.022727 2023 1206
0.666667 352 1207
1.046512 2016 1207
0.625000 335 1208
1.095238 2071 1208
0.640000 358 1209
1.045455 2128 1209
0.615385 373 1210
1.045455 2189 1210
0.640000 383 1211
1.068182 2257 1211
0.653846 396 1212
1.066667 2294 1212
0.615385 387 1213
1.111111 2304 1213
0.615385 406 1214
1.066667 2334 1214
0.592593 400 1215
1.066667 2364 1215
0.629630 430 1216
1.066667 2411 1216
0.607143 434 1217
1.021277 2460 1217
0.607143 449 1218
1.108696 2548 1218
0.642857 459 1219
1.086957 2573 1219
0.586207 482 1220
1.108696 2649 1220
0.800000 156 1220
0.600000 508 1221
1.148936 2675 1221
0.800000 158 1221
0.633333 584 1222
1.083333 2712 1222
0.645161 576 1223
1.104167 2773 1223
0.666667 599 1224
1.145833 2839 1224
0.636364 650 1225
1.166667 2886 1225
0.666667 677 1226
1.122449 2913 1226
0.709677 711 1227
1.160000 3011 1227
0.657143 754 1228
1.163265 3029 1228
1.490566 4109 1229
1.436364 4082 1230
0.785714 149 1230
1.700000 161 1231
1.481481 4156 1231
1.800000 160 1232
1.472727 4231 1232
1.900000 167 1233
1.490909 4268 1233
1.900000 165 1234
1.500000 4339 1234
1.800000 170 1235
1.169811 4433 1235
2.000000 180 1236
1.166667 4583 1236
2.100000 180 1237
1.017857 4656 1237
2.000000 166 1238
2.200000 201 1238
0.577778 1155 1238
1.166667 3658 1238
1.727273 171 1239
2.200000 200 1239
0.565217 1222 1239
1.145455 3694 1239
2.300000 181 1240
2.181818 227 1240
0.591837 1294 1240
1.160714 3809 1240
2.272727 212 1241
1.750000 239 1241
0.968750 953 1241
1.178571 3877 1241
2.111111 190 1242
2.000000 245 1242
1.155172 4025 1242
2.636364 316 1242
2.090909 211 1243
2.416667 304 1243
1.175439 4107 1243
2.500000 225 1244
2.153846 322 1244
1.135593 4227 1244
2.600000 237 1245
2.636364 306 1245
1.169492 4347 1245
2.083333 249 1246
2.230769 332 1246
1.169492 4387 1246
1.923077 247 1247
2.666667 355 1247
1.186441 4432 1247
2.076923 264 1248
3.090909 361 1248
1.183333 4473 1248
2.153846 277 1249
2.615385 370 1249
1.183333 4559 1249
2.153846 285 1250
2.916667 387 1250
1.180328 4620 1250
2.076923 284 1251
2.692308 389 1251
1.200000 4636 1251
2.214286 335 1252
2.846154 420 1252
1.193548 4872 1252
2.285714 345 1253
2.714286 482 1253
1.177419 4903 1253
2.538462 354 1254
2.785714 488 1254
1.158730 4992 1254
2.538462 363 1255
2.928571 525 1255
1.177419 5015 1255
2.538462 357 1256
2.928571 529 1256
1.158730 5061 1256
2.357143 372 1257
2.857143 523 1257
1.158730 5010 1257
2.500000 386 1258
2.800000 573 1258
1.109375 5008 1258
2.571429 430 1259
2.529412 602 1259
1.093750 5098 1259
1.000000 25 1259
2.571429 429 1260
2.933333 619 1260
1.076923 5084 1260
2.400000 437 1261
2.812500 642 1261
1.061538 5083 1261
2.571429 430 1262
2.875000 667 1262
1.061538 5119 1262
2.466667 461 1263
2.705882 685 1263
1.061538 5136 1263
2.533333 475 1264
2.823529 782 1264
1.166667 5297 1264
2.562500 557 1265
1.161765 5392 1265
2.555556 928 1265
2.625000 571 1266
1.159420 5478 1266
0.842105 1021 1266
2.470588 590 1267
1.159420 5537 1267
0.761905 1096 1267
2.529412 626 1268
1.126761 5585 1268
0.761905 1122 1268
2.588235 642 1269
1.125000 5599 1269
1.285714 1184 1269
2.555556 674 1270
1.264706 5547 1270
0.695652 1300 1270
2.500000 786 1271
1.383333 4766 1271
1.357143 854 1271
2.684211 812 1272
1.372881 4588 1272
1.192308 712 1272
2.550000 895 1273
1.355932 4347 1273
1.043478 506 1273
2.523810 967 1274
1.321429 3914 1274
0.454545 55 1274
0.733333 169 1274
1.541667 1137 1275
1.296296 3520 1275
1.814815 1219 1276
1.619048 3133 1276
1.461538 1279 1277
1.800000 2874 1277
1.700000 2533 1278
1.925926 1441 1278
1.650000 2331 1279
1.925926 1147 1279
1.641026 2135 1280
1.777778 1077 1280
1.648649 1971 1281
1.653846 943 1281
1.588235 1682 1282
1.347826 643 1282
1.612903 1447 1283
1.266667 321 1283
2.777778 176 1284
1.782609 964 1284
2.555556 173 1285
1.772727 890 1285
2.375000 155 1286
1.882353 537 1286
1.500000 137 1287
1.882353 526 1287
2.625000 177 1288
2.600000 279 1288
2.333333 183 1289
2.666667 213 1289
2.272727 223 1290
2.555556 202 1291
2.800000 252 1292
2.900000 254 1293
2.636364 271 1294
1.615385 220 1295
1.692308 237 1296
1.615385 248 1297
1.642857 254 1298
2.142857 329 1299
2.357143 378 1300
2.400000 400 1301
2.333333 405 1302
2.400000 424 1303
2.533333 473 1304
2.375000 458 1305
2.437500 480 1306
2.235294 511 1307
2.222222 514 1308
2.733333 509 1309
2.470588 559 1310
2.529412 567 1311
2.588235 580 1312
2.444444 603 1313
1.947368 713 1314
2.647059 625 1315
2.611111 664 1316
2.555556 691 1317
2.400000 740 1318
1.000000 25 1318
2.450000 769 1319
0.833333 30 1319
2.500000 856 1320
0.500000 69 1320
2.300000 980 1321
2.571429 977 1322
2.500000 1022 1323
0.833333 30 1323
1.818182 1151 1324
2.136364 1181 1325
1.500000 1156 1326
1.782609 1181 1327
0.368421 1318 1328
2.000000 1381 1329
0.884615 1462 1330
2.153846 1155 1331
1.962963 1123 1332
1.888889 1090 1333
1.629630 948 1334
1.360000 745 1335
0.866667 192 1336
1.277778 439 1336
0.882353 245 1337
1.266667 316 1337
1.578947 547 1338
1.941176 582 1339
1.941176 572 1340
2.000000 589 1341
1.888889 586 1342
1.941176 567 1343
2.125000 567 1344
2.916667 515 1345
2.400000 504 1346
2.117647 514 1347
2.400000 476 1348
2.400000 482 1349
2.846154 481 1350
2.846154 480 1351
2.846154 500 1352
2.846154 512 1353
2.375000 532 1354
2.375000 535 1355
2.785714 543 1356
2.785714 549 1357
2.785714 557 1358
1.000000 35 1359
0.466667 96 1359
1.200000 30 1359
2.600000 562 1359
0.777778 57 1360
0.600000 59 1360
1.200000 30 1360
2.600000 559 1360
0.428571 84 1361
0.461538 80 1361
1.200000 30 1361
2.437500 591 1361
0.555556 145 1362
0.545455 64 1362
2.294118 584 1362
0.454545 194 1363
1.000000 25 1363
2.600000 612 1363
0.500000 161 1364
0.545455 59 1364
2.500000 650 1364
0.275862 277 1365
2.222222 662 1365
0.233333 324 1366
2.277778 708 1366
0.333333 352 1367
2.222222 708 1367
0.640000 407 1368
0.470588 124 1368
2.157895 686 1368
0.500000 583 1369
2.210526 673 1369
0.451613 655 1370
2.263158 710 1370
0.388889 848 1371
2.210526 729 1371
0.390244 901 1372
2.210526 725 1372
0.361702 1032 1373
2.388889 723 1373
0.340000 1075 1374
2.333333 720 1374
0.339623 1118 1375
2.388889 704 1375
0.358491 1242 1376
2.388889 735 1376
0.370370 1300 1377
2.100000 741 1377
0.338983 1281 1378
2.388889 734 1378
0.293103 1296 1379
2.388889 733 1379
0.305085 1305 1380
2.263158 762 1380
0.344828 1411 1381
2.388889 778 1381
0.333333 1390 1382
2.388889 782 1382
0.350877 1435 1383
2.222222 826 1383
0.344828 1517 1384
2.047619 883 1384
0.344828 1495 1385
0.928571 162 1385
1.913043 913 1385
0.350877 1525 1386
0.933333 176 1386
2.000000 1010 1386
0.344262 1595 1387
1.200000 228 1387
1.615385 1095 1387
0.360656 1625 1388
1.266667 266 1388
3.666667 115 1388
1.296296 1149 1388
0.365079 1658 1389
1.250000 272 1389
4.500000 156 1389
1.250000 1252 1389
0.349206 1690 1390
1.312500 289 1390
0.857143 1743 1390
0.349206 1732 1391
1.352941 334 1391
0.738095 1742 1391
0.348485 1936 1392
1.470588 360 1392
0.666667 1714 1392
0.333333 1965 1393
1.588235 396 1393
0.666667 1669 1393
0.390625 2091 1394
1.777778 476 1394
2.800000 517 1394
2.529412 713 1394
0.352113 2015 1395
1.736842 507 1395
2.866667 460 1395
2.588235 714 1395
0.342466 2069 1396
1.842105 531 1396
3.000000 468 1396
2.388889 716 1396
0.376812 2131 1397
2.000000 552 1397
2.800000 545 1397
2.388889 721 1397
0.360000 2208 1398
2.052632 588 1398
0.783784 1515 1398
3.000000 178 1399
0.360000 2367 1399
2.157895 605 1399
0.763158 1540 1399
1.583333 296 1400
0.354430 2569 1400
2.263158 622 1400
0.731707 1533 1400
1.333333 351 1401
0.365854 2691 1401
2.200000 649 1401
0.861111 1624 1401
1.050000 412 1402
0.390244 2982 1402
2.368421 684 1402
0.794872 1599 1402
1.105263 440 1403
0.370787 3046 1403
2.142857 713 1403
0.789474 1556 1403
1.100000 456 1404
0.386364 3146 1404
0.842105 1580 1404
2.142857 731 1404
1.157895 449 1405
0.373626 3232 1405
0.871795 1549 1405
2.190476 729 1405
1.157895 448 1406
0.387097 3399 1406
1.000000 25 1406
0.900000 1519 1406
2.350000 742 1406
1.100000 473 1407
0.397849 3684 1407
1.125000 1635 1407
2.400000 745 1407
1.095238 472 1408
0.363636 4541 1408
1.125000 1470 1408
1.150000 478 1409
0.361905 4742 1409
1.913043 1041 1409
2.250000 263 1409
1.100000 504 1410
0.386792 5066 1410
2.588235 851 1410
2.200000 236 1410
0.956522 519 1411
0.388889 5235 1411
2.933333 850 1411
3.100000 246 1411
0.956522 531 1412
0.398148 5396 1412
2.200000 862 1412
2.444444 178 1412
1.000000 553 1413
0.407080 5691 1413
2.529412 854 1413
2.750000 163 1413
1.000000 561 1414
0.415929 5872 1414
3.214286 700 1414
2.625000 150 1414
0.923077 590 1415
0.433628 6065 1415
3.000000 723 1415
1.038462 671 1416
0.536364 6869 1416
3.307692 771 1416
1.000000 709 1417
0.609524 7117 1417
3.461538 749 1417
0.964286 737 1418
0.733333 7028 1418
3.214286 753 1418
1.076923 727 1419
0.946667 6980 1419
3.538462 735 1419
1.000000 841 1420
0.880435 7151 1420
3.285714 764 1420
4.571429 199 1420
0.968750 930 1421
1.000000 8282 1421
3.615385 758 1421
1.066667 974 1422
1.087912 8643 1422
3.066667 727 1422
1.222222 1087 1423
1.122222 8965 1423
3.214286 750 1423
1.100000 1067 1424
1.144444 9127 1424
3.214286 762 1424
1.137931 1044 1425
1.144444 9198 1425
3.214286 741 1425
1.206897 1193 1426
1.296296 9263 1426
3.538462 736 1426
1.125000 1286 1427
1.550000 9715 1427
3.214286 736 1427
1.133333 1319 1428
3.285714 747 1428
1.569620 9793 1428
0.795455 1509 1429
2.812500 744 1429
1.763158 9915 1429
0.837209 1583 1430
2.812500 735 1430
1.794521 9693 1430
0.902439 1593 1431
3.000000 730 1431
1.802817 9392 1431
0.687500 1608 1432
3.000000 735 1432
1.826087 8958 1432
3.000000 703 1433
0.866667 1756 1433
1.764706 8312 1433
3.214286 699 1434
0.911111 1833 1434
1.746269 8025 1434
3.000000 707 1435
0.652174 9212 1435
3.214286 701 1436
1.530303 8418 1436
3.214286 698 1437
1.531250 8234 1437
3.214286 718 1438
1.539683 8061 1438
3.214286 741 1439
1.442623 7060 1439
3.214286 746 1440
1.750000 6932 1440
3.214286 742 1441
1.700000 6759 1441
3.214286 738 1442
1.593750 6004 1442
3.214286 733 1443
0.819672 5918 1443
3.214286 742 1444
0.704225 4652 1444
0.250000 185 1444
0.687500 153 1444
3.214286 741 1445
0.710145 4452 1445
2.750000 749 1446
0.691176 4382 1446
2.866667 784 1447
0.515625 3797 1447
3.000000 773 1448
0.313725 884 1448
0.655172 2589 1448
2.812500 757 1449
0.404255 902 1449
0.627119 2378 1449
1.000000 25 1449
2.647059 734 1450
0.357143 711 1450
0.444444 2075 1450
0.333333 80 1450
3.000000 706 1451
0.447368 695 1451
0.372093 1904 1451
3.000000 742 1452
0.400000 433 1452
0.774194 1570 1452
2.444444 793 1453
0.592593 435 1453
0.350000 1420 1453
1.869565 1039 1454
0.736842 245 1454
0.555556 1117 1454
1.653846 1143 1455
0.625000 162 1455
0.369565 990 1455
1.218750 1415 1456
0.588235 174 1456
0.666667 435 1456
1.000000 226 1457
0.888889 1481 1457
0.625000 162 1457
1.000000 25 1457
0.592593 378 1457
0.857143 377 1458
0.885714 1569 1458
0.521739 297 1458
0.857143 364 1459
0.888889 1605 1459
0.260870 159 1459
0.818182 388 1460
0.864865 1570 1460
1.000000 25 1460
0.857143 352 1461
1.166667 39 1461
0.653061 1552 1461
0.772727 402 1462
1.200000 30 1462
0.864865 1560 1462
0.772727 376 1463
1.200000 30 1463
0.871795 1526 1463
0.818182 411 1464
1.026316 1569 1464
0.863636 428 1465
1.000000 1491 1465
0.781250 941 1466
0.826087 463 1466
3.860000 9278 1466
1.264706 1382 1466
1.000000 25 1466
3.228571 15114 1467
1.225806 1280 1467
2.311688 16715 1468
1.480000 1041 1468
3.111111 16188 1469
1.857143 905 1469
4.076923 10826 1470
0.846154 523 1470
3.000000 607 1470
7.516129 6541 1471
0.785714 561 1471
2.333333 605 1471
0.857143 639 1472
1.842105 515 1472
0.892857 666 1473
2.277778 549 1473
0.857143 692 1474
1.000000 25 1474
2.117647 521 1474
0.896552 661 1475
1.000000 25 1475
2.187500 501 1475
0.933333 739 1476
2.187500 494 1476
0.933333 742 1477
2.125000 460 1477
0.900000 730 1478
2.187500 474 1478
2.625000 162 1479
0.903226 778 1479
2.294118 544 1479
2.000000 171 1480
0.967742 904 1480
2.166667 615 1480
2.444444 170 1481
0.937500 966 1481
2.166667 638 1481
2.875000 185 1482
0.937500 970 1482
2.166667 646 1482
2.090909 191 1483
0.968750 969 1483
2.111111 627 1483
1.454545 172 1484
2.200000 196 1484
1.068966 976 1484
2.176471 582 1484
3.000000 204 1485
1.064516 1116 1485
2.375000 538 1485
5.000000 191 1486
0.891892 1167 1486
2.466667 483 1486
2.100000 183 1487
3.800000 701 1487
1.060606 1293 1487
1.818182 183 1488
1.555556 637 1488
1.121212 1382 1488
1.818182 180 1489
1.500000 682 1489
1.058824 1393 1489
1.909091 191 1490
2.250000 282 1490
1.000000 25 1490
1.088235 1408 1490
2.000000 403 1490
1.583333 188 1491
2.454545 280 1491
2.333333 424 1491
0.837209 1498 1491
2.000000 174 1492
2.416667 298 1492
2.333333 420 1492
1.085714 1532 1492
2.555556 194 1493
2.636364 310 1493
2.333333 425 1493
0.847826 1704 1493
2.090909 208 1494
2.416667 329 1494
1.733333 359 1494
0.847826 1704 1494
2.090909 232 1495
2.266667 416 1495
2.500000 340 1495
1.078947 1814 1495
3.066667 669 1496
2.727273 328 1496
1.051282 1843 1496
3.214286 567 1497
2.916667 408 1497
0.840000 1998 1497
2.692308 612 1498
2.461538 386 1498
0.811321 2191 1498
1.923077 267 1499
1.533333 336 1499
3.083333 425 1499
0.830189 2249 1499
1.857143 269 1500
1.642857 318 1500
2.923077 434 1500
0.833333 2255 1500
2.333333 268 1501
1.785714 319 1501
2.600000 462 1501
0.865385 2149 1501
1.923077 259 1502
1.642857 286 1502
2.857143 492 1502
0.978723 1982 1502
2.076923 270 1503
1.571429 268 1503
2.928571 502 1503
1.305556 1562 1503
1.642857 283 1504
2.416667 294 1504
2.866667 571 1504
2.142857 807 1504
1.642857 280 1505
2.333333 295 1505
2.933333 579 1505
3.800000 518 1505
1.642857 290 1506
2.545455 299 1506
2.812500 616 1506
1.692308 283 1507
2.583333 350 1507
3.000000 665 1507
2.076923 307 1508
2.615385 364 1508
3.133333 668 1508
2.153846 306 1509
2.750000 371 1509
3.062500 719 1509
2.454545 313 1510
2.333333 422 1510
3.000000 826 1510
2.454545 281 1511
2.500000 415 1511
3.117647 820 1511
2.363636 261 1512
2.571429 439 1512
3.176471 897 1512
2.272727 245 1513
2.571429 444 1513
2.947368 953 1513
2.300000 221 1514
2.312500 469 1514
3.166667 980 1514
2.200000 200 1515
2.375000 475 1515
3.388889 1059 1515
2.100000 195 1516
2.312500 525 1516
2.105263 1130 1516
2.300000 214 1517
2.437500 523 1517
2.600000 1259 1517
1.692308 253 1518
2.352941 556 1518
2.700000 1350 1518
2.272727 252 1519
2.411765 549 1519
3.263158 1165 1519
1.846154 258 1520
2.333333 606 1520
1.000000 25 1520
1.928571 1043 1520
2.000000 177 1521
2.272727 235 1521
2.388889 610 1521
1.566667 967 1521
2.100000 177 1522
2.500000 230 1522
2.388889 619 1522
1.400000 864 1522
2.777778 241 1523
2.388889 644 1523
1.857143 751 1523
2.333333 175 1524
1.818182 202 1524
2.250000 700 1524
1.500000 377 1524
2.200000 191 1525
2.090909 244 1525
2.368421 817 1525
2.200000 195 1526
2.181818 250 1526
2.400000 804 1526
2.090909 240 1527
2.181818 220 1527
0.391304 1030 1527
2.200000 234 1528
2.181818 216 1528
2.045455 1036 1528
2.400000 209 1529
2.300000 198 1529
0.454545 1112 1529
2.666667 193 1530
1.916667 224 1530
1.260870 1218 1530
2.625000 154 1531
1.916667 237 1531
1.304348 1262 1531
1.578947 454 1532
1.153846 1473 1532
1.882353 429 1533
2.148148 1271 1533
2.428571 380 1534
2.000000 1205 1534
3.166667 353 1535
1.750000 1148 1535
3.545455 367 1536
1.666667 1026 1536
2.333333 168 1537
3.545455 389 1537
1.413793 952 1537
2.444444 623 1538
1.285714 812 1538
